34.440000,0.481754,0.226729,0.22672934.620000,-0.587785,0.478527,0.35262834.620000,-0.587785,0.478527,0.47852734.620000,-0.587785,0.478527,0.47852734.620000,-0.587785,0.478527,0.47852734.620000,-0.587785,0.478527,0.47852734.620000,-0.587785,0.478527,0.47852734.620000,-0.587785,0.478527,0.47852734.620000,-0.587785,0.478527,0.47852734.620000,-0.587785,0.478527,0.478527
0.000000,0.000000,0.000000,0.0000004.360000,0.844328,1.812305,0.9061534.360000,0.844328,1.812305,1.8123054.360000,0.844328,1.812305,1.8123054.360000,0.844328,1.812305,1.8123054.360000,0.844328,1.812305,1.8123054.360000,0.844328,1.812305,1.8123054.360000,0.844328,1.812305,1.8123054.360000,0.844328,1.812305,1.8123054.360000,0.844328,1.812305,1.812305
4.360000,0.844328,1.812305,1.8123054.560000,-0.248690,-0.547811,0.6322474.560000,-0.248690,-0.547811,-0.5478114.560000,-0.248690,-0.547811,-0.5478114.560000,-0.248690,-0.547811,-0.5478114.560000,-0.248690,-0.547811,-0.5478114.560000,-0.248690,-0.547811,-0.5478114.560000,-0.248690,-0.547811,-0.5478114.560000,-0.248690,-0.547811,-0.5478114.560000,-0.248690,-0.547811,-0.547811
4.560000,-0.248690,-0.547811,-0.5478114.760000,-0.998027,0.474429,-0.0366914.760000,-0.998027,0.474429,0.4744294.760000,-0.998027,0.474429,0.4744294.760000,-0.998027,0.474429,0.4744294.760000,-0.998027,0.474429,0.4744294.760000,-0.998027,0.474429,0.4744294.760000,-0.998027,0.474429,0.4744294.760000,-0.998027,0.474429,0.4744294.760000,-0.998027,0.474429,0.474429
4.760000,-0.998027,0.474429,0.4744294.960000,-0.368125,0.375864,0.4251464.960000,-0.368125,0.375864,0.3758644.960000,-0.368125,0.375864,0.3758644.960000,-0.368125,0.375864,0.3758644.960000,-0.368125,0.375864,0.3758644.960000,-0.368125,0.375864,0.3758644.960000,-0.368125,0.375864,0.3758644.960000,-0.368125,0.375864,0.3758644.960000,-0.368125,0.375864,0.375864
4.960000,-0.368125,0.375864,0.3758645.160000,0.770513,-0.901262,-0.2626995.160000,0.770513,-0.901262,-0.9012625.160000,0.770513,-0.901262,-0.9012625.160000,0.770513,-0.901262,-0.9012625.160000,0.770513,-0.901262,-0.9012625.160000,0.770513,-0.901262,-0.9012625.160000,0.770513,-0.901262,-0.9012625.160000,0.770513,-0.901262,-0.9012625.160000,0.770513,-0.901262,-0.901262
5.160000,0.770513,-0.901262,-0.9012625.360000,0.844328,1.812305,0.4555225.360000,0.844328,1.812305,1.8123055.360000,0.844328,1.812305,1.8123055.360000,0.844328,1.812305,1.8123055.360000,0.844328,1.812305,1.8123055.360000,0.844328,1.812305,1.8123055.360000,0.844328,1.812305,1.8123055.360000,0.844328,1.812305,1.8123055.360000,0.844328,1.812305,1.812305
5.360000,0.844328,1.812305,1.8123055.560000,-0.248690,-0.547811,0.6322475.560000,-0.248690,-0.547811,-0.5478115.560000,-0.248690,-0.547811,-0.5478115.560000,-0.248690,-0.547811,-0.5478115.560000,-0.248690,-0.547811,-0.5478115.560000,-0.248690,-0.547811,-0.5478115.560000,-0.248690,-0.547811,-0.5478115.560000,-0.248690,-0.547811,-0.5478115.560000,-0.248690,-0.547811,-0.547811
5.560000,-0.248690,-0.547811,-0.5478115.760000,-0.998027,0.474429,-0.0366915.760000,-0.998027,0.474429,0.4744295.760000,-0.998027,0.474429,0.4744295.760000,-0.998027,0.474429,0.4744295.760000,-0.998027,0.474429,0.4744295.760000,-0.998027,0.474429,0.4744295.760000,-0.998027,0.474429,0.4744295.760000,-0.998027,0.474429,0.4744295.760000,-0.998027,0.474429,0.474429
5.760000,-0.998027,0.474429,0.4744295.960000,-0.368125,0.375864,0.4251465.960000,-0.368125,0.375864,0.3758645.960000,-0.368125,0.375864,0.3758645.960000,-0.368125,0.375864,0.3758645.960000,-0.368125,0.375864,0.3758645.960000,-0.368125,0.375864,0.3758645.960000,-0.368125,0.375864,0.3758645.960000,-0.368125,0.375864,0.3758645.960000,-0.368125,0.375864,0.375864
5.960000,-0.368125,0.375864,0.3758646.160000,0.770513,-0.901262,-0.2626996.160000,0.770513,-0.901262,-0.9012626.160000,0.770513,-0.901262,-0.9012626.160000,0.770513,-0.901262,-0.9012626.160000,0.770513,-0.901262,-0.9012626.160000,0.770513,-0.901262,-0.9012626.160000,0.770513,-0.901262,-0.9012626.160000,0.770513,-0.901262,-0.9012626.160000,0.770513,-0.901262,-0.901262
6.160000,0.770513,-0.901262,-0.9012626.400000,0.684547,-0.762781,-0.8320226.400000,0.684547,-0.762781,-0.7627816.400000,0.684547,-0.762781,-0.7627816.400000,0.684547,-0.762781,-0.7627816.400000,0.684547,-0.762781,-0.7627816.400000,0.684547,-0.762781,-0.7627816.400000,0.684547,-0.762781,-0.7627816.400000,0.684547,-0.762781,-0.7627816.400000,0.684547,-0.762781,-0.762781
6.400000,0.684547,-0.762781,-0.7627816.560000,-0.248690,-0.547811,-0.6552966.560000,-0.248690,-0.547811,-0.5478116.560000,-0.248690,-0.547811,-0.5478116.560000,-0.248690,-0.547811,-0.5478116.560000,-0.248690,-0.547811,-0.5478116.560000,-0.248690,-0.547811,-0.5478116.560000,-0.248690,-0.547811,-0.5478116.560000,-0.248690,-0.547811,-0.5478116.560000,-0.248690,-0.547811,-0.547811
6.560000,-0.248690,-0.547811,-0.5478116.760000,-0.998027,0.474429,-0.0366916.760000,-0.998027,0.474429,0.4744296.760000,-0.998027,0.474429,0.4744296.760000,-0.998027,0.474429,0.4744296.760000,-0.998027,0.474429,0.4744296.760000,-0.998027,0.474429,0.4744296.760000,-0.998027,0.474429,0.4744296.760000,-0.998027,0.474429,0.4744296.760000,-0.998027,0.474429,0.474429
6.760000,-0.998027,0.474429,0.4744296.960000,-0.368125,0.375864,0.4251466.960000,-0.368125,0.375864,0.3758646.960000,-0.368125,0.375864,0.3758646.960000,-0.368125,0.375864,0.3758646.960000,-0.368125,0.375864,0.3758646.960000,-0.368125,0.375864,0.3758646.960000,-0.368125,0.375864,0.3758646.960000,-0.368125,0.375864,0.3758646.960000,-0.368125,0.375864,0.375864
6.960000,-0.368125,0.375864,0.3758647.160000,0.770513,-0.901262,-0.2626997.160000,0.770513,-0.901262,-0.9012627.160000,0.770513,-0.901262,-0.9012627.160000,0.770513,-0.901262,-0.9012627.160000,0.770513,-0.901262,-0.9012627.160000,0.770513,-0.901262,-0.9012627.160000,0.770513,-0.901262,-0.9012627.160000,0.770513,-0.901262,-0.9012627.160000,0.770513,-0.901262,-0.901262
7.160000,0.770513,-0.901262,-0.9012627.360000,0.844328,1.812305,0.4555227.360000,0.844328,1.812305,1.8123057.360000,0.844328,1.812305,1.8123057.360000,0.844328,1.812305,1.8123057.360000,0.844328,1.812305,1.8123057.360000,0.844328,1.812305,1.8123057.360000,0.844328,1.812305,1.8123057.360000,0.844328,1.812305,1.8123057.360000,0.844328,1.812305,1.812305
7.360000,0.844328,1.812305,1.8123057.620000,-0.587785,0.478527,1.1454167.620000,-0.587785,0.478527,0.4785277.620000,-0.587785,0.478527,0.4785277.620000,-0.587785,0.478527,0.4785277.620000,-0.587785,0.478527,0.4785277.620000,-0.587785,0.478527,0.4785277.620000,-0.587785,0.478527,0.4785277.620000,-0.587785,0.478527,0.4785277.620000,-0.587785,0.478527,0.478527
7.620000,-0.587785,0.478527,0.4785277.760000,-0.998027,0.474429,0.4764787.760000,-0.998027,0.474429,0.4744297.760000,-0.998027,0.474429,0.4744297.760000,-0.998027,0.474429,0.4744297.760000,-0.998027,0.474429,0.4744297.760000,-0.998027,0.474429,0.4744297.760000,-0.998027,0.474429,0.4744297.760000,-0.998027,0.474429,0.4744297.760000,-0.998027,0.474429,0.474429
7.760000,-0.998027,0.474429,0.4744297.960000,-0.368125,0.375864,0.4251467.960000,-0.368125,0.375864,0.3758647.960000,-0.368125,0.375864,0.3758647.960000,-0.368125,0.375864,0.3758647.960000,-0.368125,0.375864,0.3758647.960000,-0.368125,0.375864,0.3758647.960000,-0.368125,0.375864,0.3758647.960000,-0.368125,0.375864,0.3758647.960000,-0.368125,0.375864,0.375864
7.960000,-0.368125,0.375864,0.3758648.160000,0.770513,-0.901262,-0.2626998.160000,0.770513,-0.901262,-0.9012628.160000,0.770513,-0.901262,-0.9012628.160000,0.770513,-0.901262,-0.9012628.160000,0.770513,-0.901262,-0.9012628.160000,0.770513,-0.901262,-0.9012628.160000,0.770513,-0.901262,-0.9012628.160000,0.770513,-0.901262,-0.9012628.160000,0.770513,-0.901262,-0.901262
8.160000,0.770513,-0.901262,-0.9012628.360000,0.844328,1.812305,0.4555228.360000,0.844328,1.812305,1.8123058.360000,0.844328,1.812305,1.8123058.360000,0.844328,1.812305,1.8123058.360000,0.844328,1.812305,1.8123058.360000,0.844328,1.812305,1.8123058.360000,0.844328,1.812305,1.8123058.360000,0.844328,1.812305,1.8123058.360000,0.844328,1.812305,1.812305
8.360000,0.844328,1.812305,1.8123058.560000,-0.248690,-0.547811,0.6322478.560000,-0.248690,-0.547811,-0.5478118.560000,-0.248690,-0.547811,-0.5478118.560000,-0.248690,-0.547811,-0.5478118.560000,-0.248690,-0.547811,-0.5478118.560000,-0.248690,-0.547811,-0.5478118.560000,-0.248690,-0.547811,-0.5478118.560000,-0.248690,-0.547811,-0.5478118.560000,-0.248690,-0.547811,-0.547811
8.560000,-0.248690,-0.547811,-0.5478118.760000,-0.998027,0.474429,-0.0366918.760000,-0.998027,0.474429,0.4744298.760000,-0.998027,0.474429,0.4744298.760000,-0.998027,0.474429,0.4744298.760000,-0.998027,0.474429,0.4744298.760000,-0.998027,0.474429,0.4744298.760000,-0.998027,0.474429,0.4744298.760000,-0.998027,0.474429,0.4744298.760000,-0.998027,0.474429,0.474429
8.760000,-0.998027,0.474429,0.4744298.960000,-0.368125,0.375864,0.4251468.960000,-0.368125,0.375864,0.3758648.960000,-0.368125,0.375864,0.3758648.960000,-0.368125,0.375864,0.3758648.960000,-0.368125,0.375864,0.3758648.960000,-0.368125,0.375864,0.3758648.960000,-0.368125,0.375864,0.3758648.960000,-0.368125,0.375864,0.3758648.960000,-0.368125,0.375864,0.375864
8.960000,-0.368125,0.375864,0.3758649.160000,0.770513,-0.901262,-0.2626999.160000,0.770513,-0.901262,-0.9012629.160000,0.770513,-0.901262,-0.9012629.160000,0.770513,-0.901262,-0.9012629.160000,0.770513,-0.901262,-0.9012629.160000,0.770513,-0.901262,-0.9012629.160000,0.770513,-0.901262,-0.9012629.160000,0.770513,-0.901262,-0.9012629.160000,0.770513,-0.901262,-0.901262
9.160000,0.770513,-0.901262,-0.9012629.360000,0.844328,1.812305,0.4555229.360000,0.844328,1.812305,1.8123059.360000,0.844328,1.812305,1.8123059.360000,0.844328,1.812305,1.8123059.360000,0.844328,1.812305,1.8123059.360000,0.844328,1.812305,1.8123059.360000,0.844328,1.812305,1.8123059.360000,0.844328,1.812305,1.8123059.360000,0.844328,1.812305,1.812305
9.360000,0.844328,1.812305,1.8123059.560000,-0.248690,-0.547811,0.6322479.560000,-0.248690,-0.547811,-0.5478119.560000,-0.248690,-0.547811,-0.5478119.560000,-0.248690,-0.547811,-0.5478119.560000,-0.248690,-0.547811,-0.5478119.560000,-0.248690,-0.547811,-0.5478119.560000,-0.248690,-0.547811,-0.5478119.560000,-0.248690,-0.547811,-0.5478119.560000,-0.248690,-0.547811,-0.547811
9.560000,-0.248690,-0.547811,-0.5478119.740000,-0.982287,0.179833,-0.1839899.740000,-0.982287,0.179833,0.1798339.740000,-0.982287,0.179833,0.1798339.740000,-0.982287,0.179833,0.1798339.760000,-0.998027,0.474429,0.3271319.800000,-0.982287,-0.314594,0.0799189.880000,-0.770513,-2.442289,-1.3784419.920000,-0.587785,-1.121473,-1.7818819.920000,-0.587785,-1.121473,-1.121473
9.920000,-0.587785,-1.121473,-1.1214739.960000,-0.368125,0.375864,-0.3728059.960000,-0.368125,0.375864,0.3758649.960000,-0.368125,0.375864,0.3758649.960000,-0.368125,0.375864,0.3758649.960000,-0.368125,0.375864,0.3758649.960000,-0.368125,0.375864,0.3758649.960000,-0.368125,0.375864,0.3758649.960000,-0.368125,0.375864,0.3758649.960000,-0.368125,0.375864,0.375864
9.960000,-0.368125,0.375864,0.37586410.160000,0.770513,-0.901262,-0.26269910.160000,0.770513,-0.901262,-0.90126210.160000,0.770513,-0.901262,-0.90126210.160000,0.770513,-0.901262,-0.90126210.160000,0.770513,-0.901262,-0.90126210.160000,0.770513,-0.901262,-0.90126210.160000,0.770513,-0.901262,-0.90126210.160000,0.770513,-0.901262,-0.90126210.160000,0.770513,-0.901262,-0.901262
10.160000,0.770513,-0.901262,-0.90126210.360000,0.844328,1.812305,0.45552210.360000,0.844328,1.812305,1.81230510.360000,0.844328,1.812305,1.81230510.360000,0.844328,1.812305,1.81230510.360000,0.844328,1.812305,1.81230510.360000,0.844328,1.812305,1.81230510.360000,0.844328,1.812305,1.81230510.360000,0.844328,1.812305,1.81230510.360000,0.844328,1.812305,1.812305
10.360000,0.844328,1.812305,1.81230510.560000,-0.248690,-0.547811,0.63224710.560000,-0.248690,-0.547811,-0.54781110.560000,-0.248690,-0.547811,-0.54781110.560000,-0.248690,-0.547811,-0.54781110.560000,-0.248690,-0.547811,-0.54781110.560000,-0.248690,-0.547811,-0.54781110.560000,-0.248690,-0.547811,-0.54781110.560000,-0.248690,-0.547811,-0.54781110.560000,-0.248690,-0.547811,-0.547811
10.560000,-0.248690,-0.547811,-0.54781110.760000,-0.998027,0.474429,-0.03669110.760000,-0.998027,0.474429,0.47442910.760000,-0.998027,0.474429,0.47442910.760000,-0.998027,0.474429,0.47442910.760000,-0.998027,0.474429,0.47442910.760000,-0.998027,0.474429,0.47442910.760000,-0.998027,0.474429,0.47442910.760000,-0.998027,0.474429,0.47442910.760000,-0.998027,0.474429,0.474429
10.760000,-0.998027,0.474429,0.47442910.960000,-0.368125,0.375864,0.42514610.960000,-0.368125,0.375864,0.37586410.960000,-0.368125,0.375864,0.37586410.960000,-0.368125,0.375864,0.37586410.960000,-0.368125,0.375864,0.37586410.960000,-0.368125,0.375864,0.37586410.960000,-0.368125,0.375864,0.37586410.960000,-0.368125,0.375864,0.37586410.960000,-0.368125,0.375864,0.375864
10.960000,-0.368125,0.375864,0.37586411.160000,0.770513,-0.901262,-0.26269911.160000,0.770513,-0.901262,-0.90126211.160000,0.770513,-0.901262,-0.90126211.160000,0.770513,-0.901262,-0.90126211.160000,0.770513,-0.901262,-0.90126211.160000,0.770513,-0.901262,-0.90126211.160000,0.770513,-0.901262,-0.90126211.160000,0.770513,-0.901262,-0.90126211.160000,0.770513,-0.901262,-0.901262
11.160000,0.770513,-0.901262,-0.90126211.360000,0.844328,1.812305,0.45552211.360000,0.844328,1.812305,1.81230511.360000,0.844328,1.812305,1.81230511.360000,0.844328,1.812305,1.81230511.360000,0.844328,1.812305,1.81230511.360000,0.844328,1.812305,1.81230511.360000,0.844328,1.812305,1.81230511.360000,0.844328,1.812305,1.81230511.360000,0.844328,1.812305,1.812305
11.360000,0.844328,1.812305,1.81230511.560000,-0.248690,-0.547811,0.63224711.560000,-0.248690,-0.547811,-0.54781111.560000,-0.248690,-0.547811,-0.54781111.560000,-0.248690,-0.547811,-0.54781111.560000,-0.248690,-0.547811,-0.54781111.560000,-0.248690,-0.547811,-0.54781111.560000,-0.248690,-0.547811,-0.54781111.560000,-0.248690,-0.547811,-0.54781111.560000,-0.248690,-0.547811,-0.547811
11.560000,-0.248690,-0.547811,-0.54781111.760000,-0.998027,0.474429,-0.03669111.760000,-0.998027,0.474429,0.47442911.760000,-0.998027,0.474429,0.47442911.760000,-0.998027,0.474429,0.47442911.760000,-0.998027,0.474429,0.47442911.760000,-0.998027,0.474429,0.47442911.760000,-0.998027,0.474429,0.47442911.760000,-0.998027,0.474429,0.47442911.760000,-0.998027,0.474429,0.474429
11.760000,-0.998027,0.474429,0.47442911.960000,-0.368125,0.375864,0.42514611.960000,-0.368125,0.375864,0.37586411.960000,-0.368125,0.375864,0.37586411.960000,-0.368125,0.375864,0.37586411.960000,-0.368125,0.375864,0.37586411.960000,-0.368125,0.375864,0.37586411.960000,-0.368125,0.375864,0.37586411.960000,-0.368125,0.375864,0.37586411.960000,-0.368125,0.375864,0.375864
11.960000,-0.368125,0.375864,0.37586412.160000,0.770513,-0.901262,-0.26269912.160000,0.770513,-0.901262,-0.90126212.160000,0.770513,-0.901262,-0.90126212.160000,0.770513,-0.901262,-0.90126212.160000,0.770513,-0.901262,-0.90126212.160000,0.770513,-0.901262,-0.90126212.160000,0.770513,-0.901262,-0.90126212.160000,0.770513,-0.901262,-0.90126212.160000,0.770513,-0.901262,-0.901262
12.160000,0.770513,-0.901262,-0.90126212.360000,0.844328,1.812305,0.45552212.360000,0.844328,1.812305,1.81230512.360000,0.844328,1.812305,1.81230512.360000,0.844328,1.812305,1.81230512.360000,0.844328,1.812305,1.81230512.360000,0.844328,1.812305,1.81230512.360000,0.844328,1.812305,1.81230512.360000,0.844328,1.812305,1.81230512.360000,0.844328,1.812305,1.812305
12.360000,0.844328,1.812305,1.81230512.560000,-0.248690,-0.547811,0.63224712.560000,-0.248690,-0.547811,-0.54781112.560000,-0.248690,-0.547811,-0.54781112.560000,-0.248690,-0.547811,-0.54781112.560000,-0.248690,-0.547811,-0.54781112.560000,-0.248690,-0.547811,-0.54781112.560000,-0.248690,-0.547811,-0.54781112.560000,-0.248690,-0.547811,-0.54781112.560000,-0.248690,-0.547811,-0.547811
12.560000,-0.248690,-0.547811,-0.54781112.760000,-0.998027,0.474429,-0.03669112.760000,-0.998027,0.474429,0.47442912.760000,-0.998027,0.474429,0.47442912.760000,-0.998027,0.474429,0.47442912.760000,-0.998027,0.474429,0.47442912.760000,-0.998027,0.474429,0.47442912.760000,-0.998027,0.474429,0.47442912.760000,-0.998027,0.474429,0.47442912.760000,-0.998027,0.474429,0.474429
12.760000,-0.998027,0.474429,0.47442912.960000,-0.368125,0.375864,0.42514612.960000,-0.368125,0.375864,0.37586412.960000,-0.368125,0.375864,0.37586412.960000,-0.368125,0.375864,0.37586412.960000,-0.368125,0.375864,0.37586412.960000,-0.368125,0.375864,0.37586412.960000,-0.368125,0.375864,0.37586412.960000,-0.368125,0.375864,0.37586412.960000,-0.368125,0.375864,0.375864
12.960000,-0.368125,0.375864,0.37586413.160000,0.770513,-0.901262,-0.26269913.160000,0.770513,-0.901262,-0.90126213.160000,0.770513,-0.901262,-0.90126213.160000,0.770513,-0.901262,-0.90126213.160000,0.770513,-0.901262,-0.90126213.160000,0.770513,-0.901262,-0.90126213.160000,0.770513,-0.901262,-0.90126213.160000,0.770513,-0.901262,-0.90126213.160000,0.770513,-0.901262,-0.901262
13.160000,0.770513,-0.901262,-0.90126213.360000,0.844328,1.812305,0.45552213.360000,0.844328,1.812305,1.81230513.360000,0.844328,1.812305,1.81230513.360000,0.844328,1.812305,1.81230513.360000,0.844328,1.812305,1.81230513.360000,0.844328,1.812305,1.81230513.360000,0.844328,1.812305,1.81230513.360000,0.844328,1.812305,1.81230513.360000,0.844328,1.812305,1.812305
13.360000,0.844328,1.812305,1.81230513.560000,-0.248690,-0.547811,0.63224713.560000,-0.248690,-0.547811,-0.54781113.560000,-0.248690,-0.547811,-0.54781113.560000,-0.248690,-0.547811,-0.54781113.560000,-0.248690,-0.547811,-0.54781113.560000,-0.248690,-0.547811,-0.54781113.560000,-0.248690,-0.547811,-0.54781113.560000,-0.248690,-0.547811,-0.54781113.560000,-0.248690,-0.547811,-0.547811
13.560000,-0.248690,-0.547811,-0.54781113.760000,-0.998027,0.474429,-0.03669113.760000,-0.998027,0.474429,0.47442913.760000,-0.998027,0.474429,0.47442913.760000,-0.998027,0.474429,0.47442913.760000,-0.998027,0.474429,0.47442913.760000,-0.998027,0.474429,0.47442913.760000,-0.998027,0.474429,0.47442913.760000,-0.998027,0.474429,0.47442913.760000,-0.998027,0.474429,0.474429
13.760000,-0.998027,0.474429,0.47442913.960000,-0.368125,0.375864,0.42514613.960000,-0.368125,0.375864,0.37586413.960000,-0.368125,0.375864,0.37586413.960000,-0.368125,0.375864,0.37586413.960000,-0.368125,0.375864,0.37586413.960000,-0.368125,0.375864,0.37586413.960000,-0.368125,0.375864,0.37586413.960000,-0.368125,0.375864,0.37586413.960000,-0.368125,0.375864,0.375864
13.960000,-0.368125,0.375864,0.37586414.160000,0.770513,-0.901262,-0.26269914.160000,0.770513,-0.901262,-0.90126214.160000,0.770513,-0.901262,-0.90126214.160000,0.770513,-0.901262,-0.90126214.160000,0.770513,-0.901262,-0.90126214.160000,0.770513,-0.901262,-0.90126214.160000,0.770513,-0.901262,-0.90126214.160000,0.770513,-0.901262,-0.90126214.160000,0.770513,-0.901262,-0.901262
14.160000,0.770513,-0.901262,-0.90126214.360000,0.844328,1.812305,0.45552214.360000,0.844328,1.812305,1.81230514.360000,0.844328,1.812305,1.81230514.360000,0.844328,1.812305,1.81230514.360000,0.844328,1.812305,1.81230514.360000,0.844328,1.812305,1.81230514.360000,0.844328,1.812305,1.81230514.360000,0.844328,1.812305,1.81230514.360000,0.844328,1.812305,1.812305
14.360000,0.844328,1.812305,1.81230514.560000,-0.248690,-0.547811,0.63224714.560000,-0.248690,-0.547811,-0.54781114.560000,-0.248690,-0.547811,-0.54781114.560000,-0.248690,-0.547811,-0.54781114.560000,-0.248690,-0.547811,-0.54781114.560000,-0.248690,-0.547811,-0.54781114.560000,-0.248690,-0.547811,-0.54781114.560000,-0.248690,-0.547811,-0.54781114.560000,-0.248690,-0.547811,-0.547811
14.560000,-0.248690,-0.547811,-0.54781114.760000,-0.998027,0.474429,-0.03669114.760000,-0.998027,0.474429,0.47442914.760000,-0.998027,0.474429,0.47442914.760000,-0.998027,0.474429,0.47442914.760000,-0.998027,0.474429,0.47442914.760000,-0.998027,0.474429,0.47442914.760000,-0.998027,0.474429,0.47442914.760000,-0.998027,0.474429,0.47442914.760000,-0.998027,0.474429,0.474429
14.760000,-0.998027,0.474429,0.47442914.960000,-0.368125,0.375864,0.42514614.960000,-0.368125,0.375864,0.37586414.960000,-0.368125,0.375864,0.37586414.960000,-0.368125,0.375864,0.37586414.960000,-0.368125,0.375864,0.37586414.960000,-0.368125,0.375864,0.37586414.960000,-0.368125,0.375864,0.37586414.960000,-0.368125,0.375864,0.37586414.960000,-0.368125,0.375864,0.375864
14.960000,-0.368125,0.375864,0.37586415.160000,0.770513,-0.901262,-0.26269915.160000,0.770513,-0.901262,-0.90126215.160000,0.770513,-0.901262,-0.90126215.160000,0.770513,-0.901262,-0.90126215.160000,0.770513,-0.901262,-0.90126215.160000,0.770513,-0.901262,-0.90126215.160000,0.770513,-0.901262,-0.90126215.160000,0.770513,-0.901262,-0.90126215.160000,0.770513,-0.901262,-0.901262
15.160000,0.770513,-0.901262,-0.90126215.360000,0.844328,1.812305,0.45552215.360000,0.844328,1.812305,1.81230515.360000,0.844328,1.812305,1.81230515.360000,0.844328,1.812305,1.81230515.360000,0.844328,1.812305,1.81230515.360000,0.844328,1.812305,1.81230515.360000,0.844328,1.812305,1.81230515.360000,0.844328,1.812305,1.81230515.360000,0.844328,1.812305,1.812305
15.360000,0.844328,1.812305,1.81230515.560000,-0.248690,-0.547811,0.63224715.560000,-0.248690,-0.547811,-0.54781115.560000,-0.248690,-0.547811,-0.54781115.560000,-0.248690,-0.547811,-0.54781115.560000,-0.248690,-0.547811,-0.54781115.560000,-0.248690,-0.547811,-0.54781115.560000,-0.248690,-0.547811,-0.54781115.560000,-0.248690,-0.547811,-0.54781115.560000,-0.248690,-0.547811,-0.547811
15.560000,-0.248690,-0.547811,-0.54781115.760000,-0.998027,0.474429,-0.03669115.760000,-0.998027,0.474429,0.47442915.760000,-0.998027,0.474429,0.47442915.760000,-0.998027,0.474429,0.47442915.760000,-0.998027,0.474429,0.47442915.760000,-0.998027,0.474429,0.47442915.760000,-0.998027,0.474429,0.47442915.760000,-0.998027,0.474429,0.47442915.760000,-0.998027,0.474429,0.474429
15.760000,-0.998027,0.474429,0.47442915.960000,-0.368125,0.375864,0.42514615.960000,-0.368125,0.375864,0.37586415.960000,-0.368125,0.375864,0.37586415.960000,-0.368125,0.375864,0.37586415.960000,-0.368125,0.375864,0.37586415.960000,-0.368125,0.375864,0.37586415.960000,-0.368125,0.375864,0.37586415.960000,-0.368125,0.375864,0.37586415.960000,-0.368125,0.375864,0.375864
15.960000,-0.368125,0.375864,0.37586416.160000,0.770513,-0.901262,-0.26269916.160000,0.770513,-0.901262,-0.90126216.160000,0.770513,-0.901262,-0.90126216.160000,0.770513,-0.901262,-0.90126216.160000,0.770513,-0.901262,-0.90126216.160000,0.770513,-0.901262,-0.90126216.160000,0.770513,-0.901262,-0.90126216.160000,0.770513,-0.901262,-0.90126216.160000,0.770513,-0.901262,-0.901262
16.160000,0.770513,-0.901262,-0.90126216.360000,0.844328,1.812305,0.45552216.360000,0.844328,1.812305,1.81230516.360000,0.844328,1.812305,1.81230516.360000,0.844328,1.812305,1.81230516.360000,0.844328,1.812305,1.81230516.360000,0.844328,1.812305,1.81230516.360000,0.844328,1.812305,1.81230516.360000,0.844328,1.812305,1.81230516.360000,0.844328,1.812305,1.812305
16.360000,0.844328,1.812305,1.81230516.560000,-0.248690,-0.547811,0.63224716.560000,-0.248690,-0.547811,-0.54781116.560000,-0.248690,-0.547811,-0.54781116.560000,-0.248690,-0.547811,-0.54781116.560000,-0.248690,-0.547811,-0.54781116.560000,-0.248690,-0.547811,-0.54781116.560000,-0.248690,-0.547811,-0.54781116.560000,-0.248690,-0.547811,-0.54781116.560000,-0.248690,-0.547811,-0.547811
16.560000,-0.248690,-0.547811,-0.54781116.760000,-0.998027,0.474429,-0.03669116.760000,-0.998027,0.474429,0.47442916.760000,-0.998027,0.474429,0.47442916.760000,-0.998027,0.474429,0.47442916.760000,-0.998027,0.474429,0.47442916.760000,-0.998027,0.474429,0.47442916.760000,-0.998027,0.474429,0.47442916.760000,-0.998027,0.474429,0.47442916.760000,-0.998027,0.474429,0.474429
16.760000,-0.998027,0.474429,0.47442916.960000,-0.368125,0.375864,0.42514616.960000,-0.368125,0.375864,0.37586416.960000,-0.368125,0.375864,0.37586416.960000,-0.368125,0.375864,0.37586416.960000,-0.368125,0.375864,0.37586416.960000,-0.368125,0.375864,0.37586416.960000,-0.368125,0.375864,0.37586416.960000,-0.368125,0.375864,0.37586416.960000,-0.368125,0.375864,0.375864
16.960000,-0.368125,0.375864,0.37586417.160000,0.770513,-0.901262,-0.26269917.160000,0.770513,-0.901262,-0.90126217.160000,0.770513,-0.901262,-0.90126217.160000,0.770513,-0.901262,-0.90126217.160000,0.770513,-0.901262,-0.90126217.160000,0.770513,-0.901262,-0.90126217.160000,0.770513,-0.901262,-0.90126217.160000,0.770513,-0.901262,-0.90126217.160000,0.770513,-0.901262,-0.901262
17.160000,0.770513,-0.901262,-0.90126217.360000,0.844328,1.812305,0.45552217.360000,0.844328,1.812305,1.81230517.360000,0.844328,1.812305,1.81230517.360000,0.844328,1.812305,1.81230517.360000,0.844328,1.812305,1.81230517.360000,0.844328,1.812305,1.81230517.360000,0.844328,1.812305,1.81230517.360000,0.844328,1.812305,1.81230517.360000,0.844328,1.812305,1.812305
17.360000,0.844328,1.812305,1.81230517.560000,-0.248690,-0.547811,0.63224717.560000,-0.248690,-0.547811,-0.54781117.560000,-0.248690,-0.547811,-0.54781117.560000,-0.248690,-0.547811,-0.54781117.560000,-0.248690,-0.547811,-0.54781117.560000,-0.248690,-0.547811,-0.54781117.560000,-0.248690,-0.547811,-0.54781117.560000,-0.248690,-0.547811,-0.54781117.560000,-0.248690,-0.547811,-0.547811
17.560000,-0.248690,-0.547811,-0.54781117.780000,-0.998027,-0.819998,-0.68390417.780000,-0.998027,-0.819998,-0.81999817.780000,-0.998027,-0.819998,-0.81999817.780000,-0.998027,-0.819998,-0.81999817.780000,-0.998027,-0.819998,-0.81999817.800000,-0.982287,-0.314594,-0.56729617.800000,-0.982287,-0.314594,-0.31459417.800000,-0.982287,-0.314594,-0.31459417.800000,-0.982287,-0.314594,-0.314594
17.800000,-0.982287,-0.314594,-0.31459417.980000,-0.248690,-1.842238,-1.07841617.980000,-0.248690,-1.842238,-1.84223817.980000,-0.248690,-1.842238,-1.84223817.980000,-0.248690,-1.842238,-1.84223817.980000,-0.248690,-1.842238,-1.84223817.980000,-0.248690,-1.842238,-1.84223817.980000,-0.248690,-1.842238,-1.84223817.980000,-0.248690,-1.842238,-1.84223817.980000,-0.248690,-1.842238,-1.842238
17.980000,-0.248690,-1.842238,-1.84223818.160000,0.770513,-0.901262,-1.37175018.160000,0.770513,-0.901262,-0.90126218.160000,0.770513,-0.901262,-0.90126218.160000,0.770513,-0.901262,-0.90126218.160000,0.770513,-0.901262,-0.90126218.160000,0.770513,-0.901262,-0.90126218.160000,0.770513,-0.901262,-0.90126218.160000,0.770513,-0.901262,-0.90126218.160000,0.770513,-0.901262,-0.901262
18.160000,0.770513,-0.901262,-0.90126218.360000,0.844328,1.812305,0.45552218.360000,0.844328,1.812305,1.81230518.360000,0.844328,1.812305,1.81230518.360000,0.844328,1.812305,1.81230518.360000,0.844328,1.812305,1.81230518.360000,0.844328,1.812305,1.81230518.360000,0.844328,1.812305,1.81230518.360000,0.844328,1.812305,1.81230518.360000,0.844328,1.812305,1.812305
18.360000,0.844328,1.812305,1.81230518.560000,-0.248690,-0.547811,0.63224718.560000,-0.248690,-0.547811,-0.54781118.560000,-0.248690,-0.547811,-0.54781118.560000,-0.248690,-0.547811,-0.54781118.560000,-0.248690,-0.547811,-0.54781118.560000,-0.248690,-0.547811,-0.54781118.560000,-0.248690,-0.547811,-0.54781118.560000,-0.248690,-0.547811,-0.54781118.560000,-0.248690,-0.547811,-0.547811
18.560000,-0.248690,-0.547811,-0.54781118.760000,-0.998027,0.474429,-0.03669118.760000,-0.998027,0.474429,0.47442918.760000,-0.998027,0.474429,0.47442918.760000,-0.998027,0.474429,0.47442918.760000,-0.998027,0.474429,0.47442918.760000,-0.998027,0.474429,0.47442918.760000,-0.998027,0.474429,0.47442918.760000,-0.998027,0.474429,0.47442918.760000,-0.998027,0.474429,0.474429
18.760000,-0.998027,0.474429,0.47442918.960000,-0.368125,0.375864,0.42514618.960000,-0.368125,0.375864,0.37586418.960000,-0.368125,0.375864,0.37586418.960000,-0.368125,0.375864,0.37586418.960000,-0.368125,0.375864,0.37586418.960000,-0.368125,0.375864,0.37586418.960000,-0.368125,0.375864,0.37586418.960000,-0.368125,0.375864,0.37586418.960000,-0.368125,0.375864,0.375864
18.960000,-0.368125,0.375864,0.37586419.160000,0.770513,-0.901262,-0.26269919.160000,0.770513,-0.901262,-0.90126219.160000,0.770513,-0.901262,-0.90126219.160000,0.770513,-0.901262,-0.90126219.160000,0.770513,-0.901262,-0.90126219.160000,0.770513,-0.901262,-0.90126219.160000,0.770513,-0.901262,-0.90126219.160000,0.770513,-0.901262,-0.90126219.160000,0.770513,-0.901262,-0.901262
19.160000,0.770513,-0.901262,-0.90126219.360000,0.844328,1.812305,0.45552219.360000,0.844328,1.812305,1.81230519.360000,0.844328,1.812305,1.81230519.360000,0.844328,1.812305,1.81230519.360000,0.844328,1.812305,1.81230519.360000,0.844328,1.812305,1.81230519.360000,0.844328,1.812305,1.81230519.360000,0.844328,1.812305,1.81230519.360000,0.844328,1.812305,1.812305
19.360000,0.844328,1.812305,1.81230519.560000,-0.248690,-0.547811,0.63224719.560000,-0.248690,-0.547811,-0.54781119.560000,-0.248690,-0.547811,-0.54781119.560000,-0.248690,-0.547811,-0.54781119.560000,-0.248690,-0.547811,-0.54781119.560000,-0.248690,-0.547811,-0.54781119.560000,-0.248690,-0.547811,-0.54781119.560000,-0.248690,-0.547811,-0.54781119.560000,-0.248690,-0.547811,-0.547811
19.560000,-0.248690,-0.547811,-0.54781119.760000,-0.998027,0.474429,-0.03669119.760000,-0.998027,0.474429,0.47442919.760000,-0.998027,0.474429,0.47442919.760000,-0.998027,0.474429,0.47442919.760000,-0.998027,0.474429,0.47442919.760000,-0.998027,0.474429,0.47442919.760000,-0.998027,0.474429,0.47442919.760000,-0.998027,0.474429,0.47442919.760000,-0.998027,0.474429,0.474429
19.760000,-0.998027,0.474429,0.47442919.980000,-0.248690,-1.842238,-0.68390419.980000,-0.248690,-1.842238,-1.84223819.980000,-0.248690,-1.842238,-1.84223819.980000,-0.248690,-1.842238,-1.84223819.980000,-0.248690,-1.842238,-1.84223819.980000,-0.248690,-1.842238,-1.84223819.980000,-0.248690,-1.842238,-1.84223819.980000,-0.248690,-1.842238,-1.84223819.980000,-0.248690,-1.842238,-1.842238
19.980000,-0.248690,-1.842238,-1.84223820.160000,0.770513,-0.901262,-1.37175020.160000,0.770513,-0.901262,-0.90126220.160000,0.770513,-0.901262,-0.90126220.160000,0.770513,-0.901262,-0.90126220.160000,0.770513,-0.901262,-0.90126220.160000,0.770513,-0.901262,-0.90126220.160000,0.770513,-0.901262,-0.90126220.160000,0.770513,-0.901262,-0.90126220.160000,0.770513,-0.901262,-0.901262
20.160000,0.770513,-0.901262,-0.90126220.360000,0.844328,1.812305,0.45552220.360000,0.844328,1.812305,1.81230520.360000,0.844328,1.812305,1.81230520.360000,0.844328,1.812305,1.81230520.360000,0.844328,1.812305,1.81230520.360000,0.844328,1.812305,1.81230520.360000,0.844328,1.812305,1.81230520.360000,0.844328,1.812305,1.81230520.360000,0.844328,1.812305,1.812305
20.360000,0.844328,1.812305,1.81230520.560000,-0.248690,-0.547811,0.63224720.560000,-0.248690,-0.547811,-0.54781120.560000,-0.248690,-0.547811,-0.54781120.560000,-0.248690,-0.547811,-0.54781120.560000,-0.248690,-0.547811,-0.54781120.560000,-0.248690,-0.547811,-0.54781120.560000,-0.248690,-0.547811,-0.54781120.560000,-0.248690,-0.547811,-0.54781120.560000,-0.248690,-0.547811,-0.547811
20.560000,-0.248690,-0.547811,-0.54781120.760000,-0.998027,0.474429,-0.03669120.760000,-0.998027,0.474429,0.47442920.780000,-0.998027,-0.819998,-0.17278420.780000,-0.998027,-0.819998,-0.81999820.780000,-0.998027,-0.819998,-0.81999820.780000,-0.998027,-0.819998,-0.81999820.780000,-0.998027,-0.819998,-0.81999820.780000,-0.998027,-0.819998,-0.81999820.780000,-0.998027,-0.819998,-0.819998
20.780000,-0.998027,-0.819998,-0.81999820.960000,-0.368125,0.375864,-0.22206720.960000,-0.368125,0.375864,0.37586420.960000,-0.368125,0.375864,0.37586420.960000,-0.368125,0.375864,0.37586420.960000,-0.368125,0.375864,0.37586420.960000,-0.368125,0.375864,0.37586420.960000,-0.368125,0.375864,0.37586420.960000,-0.368125,0.375864,0.37586420.960000,-0.368125,0.375864,0.375864
20.960000,-0.368125,0.375864,0.37586421.160000,0.770513,-0.901262,-0.26269921.160000,0.770513,-0.901262,-0.90126221.160000,0.770513,-0.901262,-0.90126221.160000,0.770513,-0.901262,-0.90126221.160000,0.770513,-0.901262,-0.90126221.160000,0.770513,-0.901262,-0.90126221.160000,0.770513,-0.901262,-0.90126221.160000,0.770513,-0.901262,-0.90126221.160000,0.770513,-0.901262,-0.901262
21.160000,0.770513,-0.901262,-0.90126221.360000,0.844328,1.812305,0.45552221.360000,0.844328,1.812305,1.81230521.360000,0.844328,1.812305,1.81230521.360000,0.844328,1.812305,1.81230521.360000,0.844328,1.812305,1.81230521.360000,0.844328,1.812305,1.81230521.360000,0.844328,1.812305,1.81230521.360000,0.844328,1.812305,1.81230521.360000,0.844328,1.812305,1.812305
21.360000,0.844328,1.812305,1.81230521.560000,-0.248690,-0.547811,0.63224721.560000,-0.248690,-0.547811,-0.54781121.560000,-0.248690,-0.547811,-0.54781121.560000,-0.248690,-0.547811,-0.54781121.560000,-0.248690,-0.547811,-0.54781121.560000,-0.248690,-0.547811,-0.54781121.560000,-0.248690,-0.547811,-0.54781121.560000,-0.248690,-0.547811,-0.54781121.560000,-0.248690,-0.547811,-0.547811
21.560000,-0.248690,-0.547811,-0.54781121.760000,-0.998027,0.474429,-0.03669121.760000,-0.998027,0.474429,0.47442921.760000,-0.998027,0.474429,0.47442921.760000,-0.998027,0.474429,0.47442921.760000,-0.998027,0.474429,0.47442921.760000,-0.998027,0.474429,0.47442921.760000,-0.998027,0.474429,0.47442921.760000,-0.998027,0.474429,0.47442921.760000,-0.998027,0.474429,0.474429
21.760000,-0.998027,0.474429,0.47442921.960000,-0.368125,0.375864,0.42514621.960000,-0.368125,0.375864,0.37586421.960000,-0.368125,0.375864,0.37586421.960000,-0.368125,0.375864,0.37586421.960000,-0.368125,0.375864,0.37586421.960000,-0.368125,0.375864,0.37586421.960000,-0.368125,0.375864,0.37586421.960000,-0.368125,0.375864,0.37586421.960000,-0.368125,0.375864,0.375864
21.960000,-0.368125,0.375864,0.37586422.180000,0.844328,0.517878,0.44687122.180000,0.844328,0.517878,0.51787822.180000,0.844328,0.517878,0.51787822.180000,0.844328,0.517878,0.51787822.180000,0.844328,0.517878,0.51787822.180000,0.844328,0.517878,0.51787822.180000,0.844328,0.517878,0.51787822.180000,0.844328,0.517878,0.51787822.180000,0.844328,0.517878,0.517878
22.180000,0.844328,0.517878,0.51787822.360000,0.844328,1.812305,1.16509222.360000,0.844328,1.812305,1.81230522.360000,0.844328,1.812305,1.81230522.360000,0.844328,1.812305,1.81230522.360000,0.844328,1.812305,1.81230522.360000,0.844328,1.812305,1.81230522.360000,0.844328,1.812305,1.81230522.360000,0.844328,1.812305,1.81230522.360000,0.844328,1.812305,1.812305
22.360000,0.844328,1.812305,1.81230522.800000,-0.982287,-0.314594,0.74885622.800000,-0.982287,-0.314594,-0.31459422.800000,-0.982287,-0.314594,-0.31459422.800000,-0.982287,-0.314594,-0.31459422.800000,-0.982287,-0.314594,-0.31459422.800000,-0.982287,-0.314594,-0.31459422.800000,-0.982287,-0.314594,-0.31459422.800000,-0.982287,-0.314594,-0.31459422.800000,-0.982287,-0.314594,-0.314594
22.800000,-0.982287,-0.314594,-0.31459422.800000,-0.982287,-0.314594,-0.31459422.800000,-0.982287,-0.314594,-0.31459422.800000,-0.982287,-0.314594,-0.31459422.800000,-0.982287,-0.314594,-0.31459422.800000,-0.982287,-0.314594,-0.31459422.800000,-0.982287,-0.314594,-0.31459422.800000,-0.982287,-0.314594,-0.31459422.800000,-0.982287,-0.314594,-0.31459422.800000,-0.982287,-0.314594,-0.314594
22.800000,-0.982287,-0.314594,-0.31459422.960000,-0.368125,0.375864,0.03063522.960000,-0.368125,0.375864,0.37586422.960000,-0.368125,0.375864,0.37586422.960000,-0.368125,0.375864,0.37586422.960000,-0.368125,0.375864,0.37586422.960000,-0.368125,0.375864,0.37586422.960000,-0.368125,0.375864,0.37586422.960000,-0.368125,0.375864,0.37586422.960000,-0.368125,0.375864,0.375864
22.960000,-0.368125,0.375864,0.37586423.160000,0.770513,-0.901262,-0.26269923.160000,0.770513,-0.901262,-0.90126223.160000,0.770513,-0.901262,-0.90126223.160000,0.770513,-0.901262,-0.90126223.160000,0.770513,-0.901262,-0.90126223.160000,0.770513,-0.901262,-0.90126223.160000,0.770513,-0.901262,-0.90126223.160000,0.770513,-0.901262,-0.90126223.160000,0.770513,-0.901262,-0.901262
23.160000,0.770513,-0.901262,-0.90126223.360000,0.844328,1.812305,0.45552223.360000,0.844328,1.812305,1.81230523.360000,0.844328,1.812305,1.81230523.360000,0.844328,1.812305,1.81230523.360000,0.844328,1.812305,1.81230523.360000,0.844328,1.812305,1.81230523.360000,0.844328,1.812305,1.81230523.360000,0.844328,1.812305,1.81230523.360000,0.844328,1.812305,1.812305
23.360000,0.844328,1.812305,1.81230523.560000,-0.248690,-0.547811,0.63224723.560000,-0.248690,-0.547811,-0.54781123.560000,-0.248690,-0.547811,-0.54781123.560000,-0.248690,-0.547811,-0.54781123.560000,-0.248690,-0.547811,-0.54781123.560000,-0.248690,-0.547811,-0.54781123.560000,-0.248690,-0.547811,-0.54781123.560000,-0.248690,-0.547811,-0.54781123.560000,-0.248690,-0.547811,-0.547811
23.560000,-0.248690,-0.547811,-0.54781123.760000,-0.998027,0.474429,-0.03669123.760000,-0.998027,0.474429,0.47442923.760000,-0.998027,0.474429,0.47442923.760000,-0.998027,0.474429,0.47442923.760000,-0.998027,0.474429,0.47442923.760000,-0.998027,0.474429,0.47442923.760000,-0.998027,0.474429,0.47442923.760000,-0.998027,0.47442